! All values in linear space. Next row is photon energies, then a comment line, then the opacity tables
2.000E+4 2.405E+4 2.891E+4 3.476E+4 4.179E+4 5.024E+4 6.400E+4 7.262E+4 8.730E+4 1.050E+5 1.262E+5 1.517E+5 1.824E+5 2.193E+5 2.637E+5 3.170E+5 3.811E+5 4.582E+5 5.508E+5 6.623E+5 7.962E+5 9.573E+5 1.151E+6 1.384E+6 1.664E+6 2.000E+6 2.405E+6 2.891E+6 3.476E+6 4.179E+6 5.024E+6 6.400E+6 7.262E+6 8.730E+6 1.050E+7 1.262E+7 1.517E+7 1.824E+7 2.193E+7 2.637E+7 3.170E+7 3.811E+7 4.582E+7 5.508E+7 6.623E+7 7.962E+7 9.573E+7 1.151E+8 1.384E+8 1.664E+8
! Each row corresponds to a z starting from 0.00 to 2.00 (inclusive) in steps of 0.01
0        0        0        0        0        0        0        0        0        0        0        0        0        0        0        0        0        0        0        0        0        0        0        0        0        0        0        0        0        0        0        0        0        0        0        0        0        0        0        0        0        0        0        0        0        0        0        0        0        0
0        0        0        0        6.255E-8 1.959E-5 1.098E-4 3.088E-4 6.562E-4 1.213E-3 2.106E-3 3.529E-3 5.705E-3 8.918E-3 0.01352  0.01979  0.02794  0.03796  0.04956  0.06229  0.07575  0.08919  0.1020   0.1137   0.1240   0.1329   0.1409   0.1486   0.1579   0.1710   0.1897   0.2163   0.2513   0.3017   0.3733   0.4796   0.6456   0.8984   1.297    1.918    2.856    4.211    6.039    8.286    10.83    13.49    16.04    18.25    20.01    21.21
0        0        0        0        2.527E-7 4.509E-5 2.373E-4 6.522E-4 1.370E-3 2.517E-3 4.353E-3 7.265E-3 0.01171  0.01827  0.02763  0.04039  0.05693  0.07722  0.1007   0.1263   0.1535   0.1804   0.2060   0.2296   0.2502   0.2682   0.2842   0.2998   0.3189   0.3455   0.3835   0.4375   0.5084   0.6104   0.7548   0.9698   1.307    1.821    2.632    3.895    5.798    8.533    12.20    16.68    21.72    26.97    32.00    36.29    39.66    41.95
0        0        0        0        8.699E-7 7.721E-5 3.825E-4 1.029E-3 2.138E-3 3.905E-3 6.732E-3 0.01120  0.01801  0.02805  0.04236  0.06182  0.08700  0.1178   0.1533   0.1921   0.2331   0.2737   0.3123   0.3475   0.3787   0.4056   0.4299   0.4538   0.4834   0.5243   0.5827   0.6653   0.7737   0.9292   1.149    1.478    1.995    2.785    4.029    5.970    8.885    13.06    18.63    25.41    32.97    40.81    48.31    54.63    59.53    62.84
0        0        0        0        2.225E-6 1.167E-4 5.451E-4 1.436E-3 2.955E-3 5.374E-3 9.238E-3 0.01533  0.02461  0.03827  0.05771  0.08408  0.1182   0.1597   0.2075   0.2596   0.3146   0.3689   0.4205   0.4676   0.5093   0.5454   0.5782   0.6110   0.6517   0.7079   0.7883   0.9012   1.049    1.262    1.562    2.014    2.720    3.805    5.513    8.183    12.18    17.90    25.50    34.69    44.89    55.42    65.43    73.79    80.21    84.53
0        0        0        0        4.705E-6 1.633E-4 7.234E-4 1.871E-3 3.816E-3 6.912E-3 0.01186  0.01964  0.03147  0.04889  0.07363  0.1071   0.1503   0.2028   0.2631   0.3287   0.3978   0.4659   0.5306   0.5895   0.6417   0.6871   0.7286   0.7705   0.8229   0.8953   0.9988   1.143    1.333    1.605    1.990    2.570    3.477    4.873    7.070    10.51    15.64    22.98    32.67    44.35    57.25    70.50    83.01    93.38    101.3    106.6
0        0        0        0        8.737E-6 2.170E-4 9.154E-4 2.328E-3 4.712E-3 8.507E-3 0.01457  0.02411  0.03859  0.05989  0.09008  0.1309   0.1834   0.2471   0.3200   0.3992   0.4826   0.5645   0.6424   0.7130   0.7757   0.8303   0.8804   0.9316   0.9960   1.085    1.212    1.389    1.622    1.955    2.427    3.141    4.256    5.977    8.684    12.92    19.22    28.21    40.02    54.19    69.77    85.74    100.7    113.0    122.5    128.6
0        0        0        0        1.487E-5 2.798E-4 1.127E-3 2.818E-3 5.658E-3 0.01018  0.01742  0.02877  0.04599  0.07129  0.1071   0.1554   0.2175   0.2924   0.3781   0.4712   0.5689   0.6647   0.7557   0.8381   0.9113   0.9751   1.034    1.095    1.171    1.278    1.430    1.640    1.917    2.314    2.878    3.733    5.066    7.129    10.37    15.44    22.97    33.66    47.64    64.35    82.65    101.3    118.7    132.9    143.8    150.8
0        0        0        0        2.372E-5 3.537E-4 1.362E-3 3.349E-3 6.669E-3 0.01196  0.02041  0.03364  0.05370  0.08313  0.1247   0.1807   0.2525   0.3390   0.4376   0.5447   0.6568   0.7665   0.8707   0.9649   1.049    1.122    1.189    1.260    1.350    1.474    1.653    1.897    2.222    2.685    3.346    4.351    5.913    8.339    12.15    18.11    26.92    39.40    55.63    74.94    96.01    117.4    137.2    153.4    165.7    173.3
0        0        0        0        3.597E-5 4.402E-4 1.625E-3 3.926E-3 7.751E-3 0.01384  0.02355  0.03874  0.06174  0.09544  0.1430   0.2069   0.2886   0.3867   0.4985   0.6197   0.7463   0.8700   0.9874   1.093    1.187    1.270    1.346    1.427    1.531    1.675    1.881    2.161    2.536    3.069    3.832    4.995    6.800    9.610    14.02    20.91    31.09    45.45    64.02    86.02    109.9    134.1    156.3    174.4    188.1    196.4
0        0        0        0        5.255E-5 5.408E-4 1.915E-3 4.549E-3 8.903E-3 0.01582  0.02685  0.04407  0.07010  0.1082   0.1619   0.2339   0.3256   0.4357   0.5608   0.6962   0.8373   0.9751   1.106    1.223    1.328    1.419    1.505    1.597    1.715    1.879    2.114    2.431    2.858    3.464    4.334    5.664    7.724    10.94    15.99    23.86    35.47    51.79    72.77    97.52    124.3    151.3    175.8    195.9    210.9    219.9
0        0        0        8.074E-8 7.358E-5 6.554E-4 2.233E-3 5.217E-3 0.01012  0.01792  0.03031  0.04962  0.07881  0.1215   0.1815   0.2617   0.3638   0.4859   0.6244   0.7743   0.9300   1.082    1.226    1.355    1.470    1.571    1.666    1.768    1.902    2.087    2.352    2.709    3.191    3.873    4.856    6.362    8.692    12.33    18.06    26.97    40.09    58.44    81.94    109.5    139.3    169.1    196.0    218.0    234.3    243.9
0        0        0        3.196E-7 1.006E-4 7.867E-4 2.582E-3 5.934E-3 0.01142  0.02012  0.03393  0.05542  0.08787  0.1352   0.2017   0.2905   0.4030   0.5374   0.6895   0.8539   1.024    1.190    1.347    1.488    1.614    1.724    1.828    1.943    2.092    2.300    2.596    2.994    3.534    4.297    5.400    7.092    9.706    13.80    20.25    30.24    44.95    65.44    91.55    122.1    154.8    187.5    216.9    240.7    258.3    268.4
0        0        0        9.770E-7 1.331E-4 9.320E-4 2.955E-3 6.692E-3 0.01278  0.02243  0.03771  0.06145  0.09726  0.1495   0.2226   0.3200   0.4433   0.5900   0.7559   0.9351   1.120    1.301    1.470    1.623    1.759    1.879    1.993    2.120    2.285    2.517    2.846    3.285    3.886    4.733    5.961    7.847    10.76    15.33    22.53    33.66    50.02    72.70    101.5    134.9    170.8    206.4    238.1    263.7    282.6    293.2
0        0        0        2.314E-6 1.724E-4 1.094E-3 3.360E-3 7.499E-3 0.01422  0.02485  0.04165  0.06772  0.1070   0.1642   0.2442   0.3505   0.4846   0.6440   0.8237   1.018    1.218    1.412    1.595    1.760    1.906    2.036    2.160    2.299    2.482    2.738    3.101    3.584    4.247    5.181    6.541    8.630    11.86    16.93    24.91    37.23    55.31    80.27    111.8    148.3    187.2    225.7    259.8    287.2    307.3    318.3
0        0        0        4.685E-6 2.189E-4 1.272E-3 3.793E-3 8.353E-3 0.01573  0.02737  0.04575  0.07424  0.1171   0.1795   0.2664   0.3818   0.5269   0.6991   0.8929   1.102    1.317    1.526    1.722    1.899    2.055    2.194    2.329    2.481    2.682    2.963    3.361    3.890    4.617    5.642    7.139    9.440    13.00    18.59    27.40    40.95    60.81    88.11    122.4    162.0    204.0    245.4    281.8    311.0    332.3    343.6
0        0        0        8.625E-6 2.737E-4 1.468E-3 4.256E-3 9.251E-3 0.01731  0.03000  0.05001  0.08098  0.1276   0.1952   0.2893   0.4139   0.5703   0.7554   0.9634   1.188    1.417    1.641    1.850    2.038    2.205    2.354    2.499    2.664    2.883    3.191    3.624    4.200    4.994    6.112    7.752    10.27    14.17    20.31    29.98    44.81    66.49    96.17    133.3    175.9    221.0    265.2    303.9    334.8    357.1    368.6
0        0        0        1.455E-5 3.372E-4 1.682E-3 4.751E-3 0.01020  0.01896  0.03275  0.05444  0.08797  0.1383   0.2114   0.3128   0.4469   0.6146   0.8127   1.035    1.274    1.519    1.757    1.979    2.179    2.356    2.515    2.671    2.850    3.088    3.424    3.893    4.518    5.381    6.596    8.386    11.14    15.40    22.10    32.67    48.83    72.42    104.5    144.5    190.2    238.4    285.4    326.3    358.9    382.2    393.8
0        0        0        2.274E-5 4.102E-4 1.918E-3 5.284E-3 0.01121  0.02070  0.03562  0.05904  0.09523  0.1495   0.2281   0.3370   0.4807   0.6599   0.8713   1.108    1.363    1.623    1.875    2.110    2.322    2.509    2.677    2.844    3.038    3.296    3.660    4.168    4.844    5.778    7.096    9.042    12.03    16.67    23.97    35.49    53.06    78.62    113.3    156.2    205.0    256.3    306.1    349.3    383.6    407.7    419.5
0        0        0        3.364E-5 4.939E-4 2.176E-3 5.852E-3 0.01227  0.02252  0.03861  0.06383  0.1027   0.1611   0.2454   0.3620   0.5154   0.7063   0.9310   1.183    1.452    1.727    1.994    2.242    2.465    2.663    2.841    3.019    3.228    3.507    3.902    4.448    5.178    6.187    7.612    9.722    12.96    18.00    25.93    38.43    57.47    85.07    122.3    168.2    220.2    274.7    327.2    372.7    408.6    433.6    445.4
0        0        0        4.843E-5 5.895E-4 2.457E-3 6.457E-3 0.01338  0.02442  0.04172  0.06879  0.1105   0.1730   0.2631   0.3876   0.5509   0.7536   0.9919   1.258    1.544    1.833    2.114    2.375    2.610    2.818    3.007    3.197    3.421    3.722    4.147    4.734    5.519    6.604    8.140    10.42    13.92    19.38    27.97    41.49    62.04    91.75    131.6    180.6    235.8    293.4    348.6    396.3    433.7    459.4    471.3
0        0        2.748E-8 6.699E-5 6.961E-4 2.759E-3 7.098E-3 0.01456  0.02640  0.04494  0.07392  0.1185   0.1853   0.2814   0.4138   0.5872   0.8020   1.054    1.335    1.636    1.941    2.236    2.510    2.757    2.975    3.174    3.376    3.616    3.940    4.398    5.026    5.869    7.034    8.685    11.15    14.92    20.81    30.09    44.68    66.82    98.70    141.3    193.3    251.8    312.6    370.5    420.3    459.3    485.7    497.5
0        0        1.084E-7 8.889E-5 8.132E-4 3.081E-3 7.771E-3 0.01578  0.02846  0.04827  0.07921  0.1268   0.1979   0.3001   0.4407   0.6244   0.8513   1.117    1.413    1.730    2.050    2.359    2.646    2.904    3.133    3.342    3.556    3.813    4.161    4.651    5.322    6.225    7.472    9.244    11.89    15.95    22.29    32.29    47.99    71.77    105.9    151.2    206.4    268.2    332.1    392.7    444.7    485.0    512.0    523.7
0        0        4.257E-7 1.176E-4 9.484E-4 3.435E-3 8.493E-3 0.01707  0.03062  0.05176  0.08472  0.1354   0.2110   0.3195   0.4684   0.6624   0.9017   1.181    1.493    1.825    2.160    2.484    2.783    3.053    3.292    3.512    3.739    4.014    4.386    4.911    5.626    6.592    7.924    9.823    12.66    17.02    23.84    34.60    51.48    76.99    113.4    161.6    220.0    285.1    352.1    415.4    469.4    511.1    538.7    550.3
0        0        1.167E-6 1.509E-4 1.096E-3 3.810E-3 9.250E-3 0.01842  0.03287  0.05536  0.09042  0.1443   0.2244   0.3394   0.4967   0.7013   0.9530   1.247    1.573    1.921    2.272    2.609    2.922    3.203    3.453    3.684    3.924    4.217    4.615    5.176    5.938    6.968    8.390    10.42    13.47    18.14    25.46    37.02    55.13    82.43    121.3    172.4    234.1    302.5    372.8    438.7    494.7    537.8    566.0    577.2
0        0        2.499E-6 1.886E-4 1.254E-3 4.206E-3 0.01004  0.01982  0.03519  0.05908  0.09629  0.1534   0.2383   0.3598   0.5257   0.7410   1.005    1.313    1.655    2.019    2.385    2.737    3.062    3.355    3.615    3.857    4.112    4.424    4.849    5.447    6.256    7.353    8.869    11.04    14.30    19.30    27.14    39.54    58.92    88.08    129.4    183.6    248.6    320.4    394.0    462.5    520.5    565.0    593.6    604.5
0        0        4.934E-6 2.351E-4 1.429E-3 4.631E-3 0.01088  0.02129  0.03760  0.06294  0.1024   0.1628   0.2525   0.3807   0.5555   0.7815   1.059    1.381    1.739    2.117    2.499    2.865    3.204    3.508    3.779    4.033    4.302    4.634    5.088    5.724    6.583    7.751    9.364    11.68    15.16    20.51    28.91    42.19    62.92    94.04    138.0    195.2    263.6    339.0    415.8    486.9    547.0    592.8    621.8    632.4
0        0        8.376E-6 2.869E-4 1.617E-3 5.079E-3 0.01175  0.02281  0.04010  0.06691  0.1086   0.1724   0.2672   0.4022   0.5858   0.8229   1.113    1.449    1.823    2.217    2.614    2.995    3.346    3.662    3.944    4.209    4.493    4.846    5.329    6.005    6.916    8.156    9.869    12.34    16.05    21.76    30.73    44.93    67.05    100.2    146.8    207.2    279.0    357.9    437.9    511.7    573.7    620.7    650.0    660.1
0        0        1.365E-5 3.461E-4 1.819E-3 5.551E-3 0.01266  0.02438  0.04267  0.07101  0.1150   0.1824   0.2822   0.4241   0.6169   0.8650   1.168    1.519    1.908    2.319    2.731    3.125    3.490    3.817    4.110    4.387    4.687    5.061    5.574    6.291    7.255    8.570    10.39    13.01    16.97    23.05    32.62    47.78    71.35    106.6    155.9    219.5    294.8    377.3    460.4    536.7    600.7    648.9    678.4    688.0
0        0        2.081E-5 4.137E-4 2.040E-3 6.051E-3 0.01360  0.02601  0.04534  0.07523  0.1217   0.1926   0.2976   0.4466   0.6486   0.9080   1.224    1.590    1.995    2.421    2.848    3.257    3.634    3.973    4.277    4.567    4.882    5.278    5.823    6.581    7.601    8.992    10.92    13.70    17.91    24.39    34.58    50.74    75.81    113.2    165.2    232.1    311.0    396.9    483.2    562.0    627.9    677.2    706.9    715.9
0        0        2.964E-5 4.882E-4 2.276E-3 6.578E-3 0.01460  0.02771  0.04809  0.07958  0.1285   0.2031   0.3134   0.4697   0.6810   0.9518   1.281    1.662    2.082    2.524    2.967    3.390    3.780    4.129    4.445    4.747    5.079    5.498    6.076    6.875    7.952    9.422    11.46    14.41    18.88    25.76    36.61    53.80    80.41    120.0    174.8    245.0    327.5    417.0    506.4    587.8    655.5    705.7    735.5    744.0
0        0        4.224E-5 5.729E-4 2.531E-3 7.136E-3 0.01563  0.02947  0.05093  0.08408  0.1355   0.2139   0.3296   0.4933   0.7140   0.9963   1.339    1.735    2.171    2.629    3.087    3.523    3.926    4.287    4.614    4.929    5.278    5.721    6.332    7.174    8.310    9.861    12.01    15.15    19.88    27.19    38.71    56.97    85.19    127.0    184.8    258.3    344.3    437.3    529.8    613.8    683.4    734.5    764.4    772.2
0        0        5.671E-5 6.662E-4 2.803E-3 7.724E-3 0.01672  0.03130  0.05388  0.08871  0.1427   0.2251   0.3463   0.5174   0.7477   1.042    1.398    1.808    2.261    2.734    3.208    3.658    4.074    4.446    4.784    5.112    5.479    5.946    6.591    7.479    8.676    10.31    12.58    15.90    20.91    28.67    40.90    60.27    90.17    134.3    195.0    272.0    361.7    458.3    553.9    640.4    711.8    763.8    793.8    800.9
0        2.815E-8 7.563E-5 7.702E-4 3.096E-3 8.344E-3 0.01786  0.03321  0.05693  0.09350  0.1502   0.2365   0.3633   0.5420   0.7821   1.088    1.458    1.883    2.352    2.841    3.329    3.794    4.221    4.605    4.954    5.296    5.680    6.173    6.854    7.786    9.047    10.77    13.16    16.67    21.97    30.19    43.15    63.67    95.29    141.9    205.6    286.0    379.3    479.5    578.2    667.2    740.3    793.2    823.2    829.4
0        1.236E-7 9.770E-5 8.852E-4 3.409E-3 8.996E-3 0.01904  0.03518  0.06007  0.09843  0.1578   0.2482   0.3808   0.5672   0.8171   1.135    1.518    1.959    2.443    2.948    3.452    3.930    4.370    4.765    5.125    5.481    5.883    6.402    7.119    8.098    9.424    11.23    13.76    17.46    23.06    31.75    45.48    67.19    100.6    149.6    216.4    300.3    397.3    501.0    602.7    694.2    768.8    822.5    852.3    857.7
0        4.224E-7 1.244E-4 1.012E-3 3.742E-3 9.681E-3 0.02027  0.03722  0.06331  0.1035   0.1657   0.2602   0.3987   0.5930   0.8527   1.182    1.580    2.036    2.536    3.057    3.575    4.067    4.520    4.926    5.298    5.668    6.090    6.635    7.389    8.417    9.810    11.71    14.37    18.28    24.18    33.37    47.90    70.84    106.1    157.6    227.5    315.0    415.7    523.0    627.7    721.5    797.7    852.0    881.6    886.2
0        1.143E-6 1.559E-4 1.150E-3 4.096E-3 0.01040  0.02155  0.03933  0.06665  0.1087   0.1738   0.2725   0.4170   0.6193   0.8891   1.231    1.642    2.113    2.629    3.166    3.700    4.206    4.671    5.089    5.473    5.857    6.299    6.872    7.665    8.742    10.20    12.20    14.99    19.11    25.34    35.05    50.40    74.63    111.8    165.9    239.0    330.0    434.5    545.3    652.9    749.0    826.8    881.8    911.1    914.8
0        2.416E-6 1.919E-4 1.299E-3 4.472E-3 0.01115  0.02288  0.04152  0.07010  0.1141   0.1821   0.2852   0.4357   0.6461   0.9260   1.280    1.705    2.192    2.724    3.277    3.825    4.345    4.822    5.252    5.648    6.047    6.510    7.112    7.945    9.073    10.61    12.70    15.64    19.97    26.54    36.78    52.99    78.55    117.7    174.5    250.8    345.5    453.7    568.0    678.6    776.9    856.3    911.9    941.0    943.6
0        4.546E-6 2.346E-4 1.463E-3 4.872E-3 0.01194  0.02427  0.04377  0.07365  0.1196   0.1907   0.2982   0.4548   0.6734   0.9637   1.330    1.769    2.271    2.819    3.388    3.952    4.485    4.975    5.416    5.825    6.240    6.725    7.358    8.232    9.413    11.02    13.21    16.30    20.87    27.79    38.59    55.71    82.66    123.8    183.4    263.1    361.5    473.5    591.5    705.1    805.5    886.4    942.6    971.4    972.9
0        7.466E-6 2.822E-4 1.638E-3 5.292E-3 0.01277  0.02570  0.04610  0.07730  0.1253   0.1994   0.3114   0.4744   0.7013   1.002    1.381    1.834    2.352    2.916    3.501    4.079    4.626    5.128    5.582    6.003    6.434    6.941    7.605    8.521    9.758    11.44    13.74    16.98    21.78    29.07    40.45    58.51    86.91    130.2    192.6    275.7    377.8    493.7    615.3    731.9    834.5    916.8    973.5    1002     1002
0        1.219E-5 3.367E-4 1.827E-3 5.736E-3 0.01363  0.02719  0.04851  0.08107  0.1312   0.2084   0.3250   0.4944   0.7296   1.041    1.432    1.899    2.433    3.013    3.614    4.207    4.768    5.282    5.747    6.181    6.629    7.158    7.855    8.813    10.11    11.87    14.27    17.68    22.72    30.39    42.38    61.41    91.30    136.8    202.0    288.6    394.5    514.3    639.4    758.9    863.9    947.4    1004     1032     1032
0        1.773E-5 3.963E-4 2.030E-3 6.205E-3 0.01452  0.02873  0.05099  0.08494  0.1371   0.2176   0.3389   0.5147   0.7585   1.080    1.484    1.966    2.515    3.111    3.727    4.335    4.909    5.436    5.913    6.360    6.825    7.377    8.107    9.109    10.46    12.30    14.82    18.39    23.69    31.74    44.36    64.40    95.83    143.5    211.7    301.8    411.6    535.3    663.9    786.2    893.6    978.3    1036     1063     1061
0        2.572E-5 4.649E-4 2.250E-3 6.699E-3 0.01546  0.03033  0.05354  0.08892  0.1433   0.2271   0.3531   0.5355   0.7879   1.120    1.537    2.032    2.597    3.209    3.841    4.464    5.052    5.590    6.079    6.539    7.021    7.598    8.362    9.409    10.82    12.74    15.37    19.12    24.68    33.14    46.42    67.51    100.5    150.6    221.8    315.4    429.1    556.7    688.7    814.0    923.3    1009     1067     1093     1090
0        3.539E-5 5.400E-4 2.482E-3 7.216E-3 0.01643  0.03198  0.05618  0.09301  0.1496   0.2367   0.3676   0.5567   0.8178   1.161    1.590    2.100    2.681    3.309    3.957    4.594    5.195    5.746    6.247    6.721    7.221    7.824    8.625    9.718    11.19    13.20    15.95    19.87    25.69    34.58    48.54    70.72    105.4    157.8    232.1    329.4    447.0    578.5    714.0    842.2    953.6    1041     1098     1125     1120
0        4.804E-5 6.224E-4 2.728E-3 7.756E-3 0.01744  0.03368  0.05888  0.09721  0.1561   0.2466   0.3824   0.5783   0.8482   1.202    1.644    2.169    2.765    3.409    4.073    4.724    5.339    5.903    6.415    6.904    7.423    8.052    8.889    10.03    11.56    13.66    16.53    20.63    26.73    36.06    50.71    74.00    110.4    165.2    242.6    343.5    465.1    600.5    739.4    870.6    983.9    1072     1129     1155     1150
7.270E-9 6.274E-5 7.141E-4 2.994E-3 8.328E-3 0.01850  0.03545  0.06168  0.1015   0.1627   0.2568   0.3976   0.6003   0.8791   1.244    1.699    2.238    2.850    3.510    4.189    4.855    5.483    6.059    6.583    7.085    7.624    8.279    9.153    10.34    11.94    14.12    17.12    21.41    27.80    37.58    52.96    77.41    115.6    172.9    253.4    358.1    483.7    623.0    765.3    899.2    1015     1104     1161     1186     1179
3.348E-8 8.101E-5 8.140E-4 3.275E-3 8.925E-3 0.01959  0.03727  0.06455  0.1060   0.1696   0.2671   0.4131   0.6227   0.9104   1.286    1.754    2.308    2.936    3.612    4.306    4.986    5.628    6.215    6.752    7.268    7.826    8.508    9.420    10.66    12.32    14.60    17.72    22.21    28.89    39.14    55.28    80.92    120.9    180.8    264.6    373.0    502.5    645.8    791.5    928.0    1045     1135     1193     1217     1209
1.417E-7 1.015E-4 9.206E-4 3.569E-3 9.545E-3 0.02072  0.03914  0.06750  0.1105   0.1765   0.2777   0.4289   0.6455   0.9423   1.329    1.810    2.379    3.022    3.714    4.424    5.119    5.773    6.373    6.922    7.453    8.032    8.742    9.693    10.98    12.72    15.08    18.34    23.03    30.02    40.75    57.66    84.53    126.4    188.9    276.0    388.2    521.7    669.0    818.0    957.3    1076     1168     1225     1248     1238
4.645E-7 1.267E-4 1.040E-3 3.884E-3 0.01020  0.02189  0.04108  0.07053  0.1152   0.1837   0.2886   0.4450   0.6687   0.9746   1.373    1.866    2.450    3.109    3.817    4.542    5.251    5.918    6.530    7.091    7.638    8.237    8.976    9.967    11.30    13.11    15.57    18.96    23.86    31.16    42.40    60.12    88.25    132.0    197.2    287.6    403.6    541.2    692.3    844.7    986.6    1108     1199     1257     1279     1268
1.006E-6 1.552E-4 1.167E-3 4.213E-3 0.01087  0.02311  0.04307  0.07364  0.1200   0.1910   0.2996   0.4614   0.6923   1.007    1.417    1.923    2.522    3.196    3.920    4.660    5.384    6.064    6.688    7.261    7.823    8.443    9.213    10.24    11.63    13.51    16.07    19.60    24.71    32.33    44.08    62.62    92.05    137.8    205.6    299.4    419.3    560.9    715.9    871.6    1016     1139     1231     1289     1309     1297
2.092E-6 1.878E-4 1.304E-3 4.559E-3 0.01157  0.02436  0.04512  0.07684  0.1249   0.1985   0.3110   0.4781   0.7163   1.041    1.461    1.981    2.594    3.285    4.024    4.779    5.517    6.210    6.846    7.432    8.010    8.653    9.453    10.53    11.97    13.92    16.57    20.25    25.58    33.53    45.81    65.21    95.98    143.7    214.3    311.6    435.3    581.0    740.0    899.0    1046     1170     1263     1321     1341     1326
3.712E-6 2.250E-4 1.451E-3 4.925E-3 0.01231  0.02566  0.04723  0.08013  0.1299   0.2061   0.3225   0.4951   0.7407   1.074    1.506    2.039    2.667    3.373    4.128    4.899    5.651    6.356    7.004    7.603    8.197    8.862    9.694    10.81    12.31    14.34    17.09    20.92    26.47    34.77    47.60    67.89    100.0    149.9    223.3    324.1    451.8    601.5    764.3    926.8    1076     1202     1296     1353     1372     1356
6.122E-6 2.653E-4 1.606E-3 5.307E-3 0.01307  0.02700  0.04941  0.08350  0.1351   0.2140   0.3343   0.5125   0.7655   1.109    1.552    2.098    2.741    3.462    4.233    5.019    5.785    6.503    7.163    7.775    8.385    9.073    9.936    11.10    12.65    14.75    17.62    21.59    27.38    36.02    49.42    70.62    104.2    156.1    232.5    336.7    468.3    622.1    788.8    954.4    1106     1234     1328     1385     1403     1385
9.595E-6 3.125E-4 1.773E-3 5.708E-3 0.01386  0.02839  0.05164  0.08696  0.1403   0.2220   0.3463   0.5302   0.7907   1.143    1.598    2.157    2.815    3.552    4.339    5.139    5.919    6.649    7.321    7.946    8.572    9.283    10.18    11.38    12.99    15.17    18.14    22.27    28.29    37.30    51.27    73.40    108.4    162.5    241.7    349.5    485.0    642.9    813.4    982.2    1136     1265     1360     1416     1434     1414
1.407E-5 3.640E-4 1.952E-3 6.129E-3 0.01468  0.02981  0.05394  0.09050  0.1457   0.2302   0.3586   0.5481   0.8162   1.178    1.645    2.217    2.890    3.642    4.444    5.259    6.053    6.796    7.480    8.118    8.762    9.496    10.43    11.67    13.34    15.60    18.68    22.97    29.23    38.61    53.18    76.28    112.8    169.1    251.3    362.7    502.2    664.2    838.5    1010     1167     1297     1393     1448     1464     1443
1.998E-5 4.203E-4 2.140E-3 6.566E-3 0.01553  0.03128  0.05629  0.09413  0.1513   0.2385   0.3711   0.5664   0.8421   1.214    1.692    2.278    2.965    3.733    4.551    5.380    6.188    6.943    7.639    8.290    8.951    9.710    10.67    11.96    13.69    16.03    19.22    23.67    30.18    39.96    55.14    79.23    117.3    175.9    261.1    376.1    519.6    685.8    863.9    1039     1197     1329     1425     1480     1495     1472
2.720E-5 4.825E-4 2.340E-3 7.026E-3 0.01642  0.03280  0.05871  0.09785  0.1569   0.2471   0.3839   0.5850   0.8684   1.250    1.739    2.338    3.041    3.824    4.657    5.502    6.323    7.091    7.799    8.463    9.143    9.928    10.93    12.26    14.05    16.48    19.77    24.40    31.16    41.34    57.16    82.27    121.9    182.8    271.1    389.8    537.4    707.6    889.3    1067     1228     1362     1458     1512     1525     1501
3.596E-5 5.495E-4 2.552E-3 7.503E-3 0.01733  0.03436  0.06119  0.1017   0.1627   0.2558   0.3968   0.6038   0.8951   1.286    1.787    2.400    3.117    3.916    4.764    5.623    6.458    7.238    7.958    8.636    9.335    10.15    11.18    12.56    14.41    16.92    20.34    25.14    32.17    42.75    59.24    85.41    126.7    190.0    281.4    403.9    555.6    730.0    915.3    1096     1260     1395     1491     1545     1557     1531
4.720E-5 6.236E-4 2.776E-3 8.001E-3 0.01827  0.03597  0.06373  0.1055   0.1685   0.2646   0.4100   0.6230   0.9220   1.323    1.836    2.461    3.193    4.008    4.871    5.745    6.593    7.385    8.117    8.809    9.527    10.36    11.44    12.87    14.78    17.38    20.92    25.90    33.20    44.21    61.38    88.64    131.6    197.4    292.0    418.3    574.2    752.9    941.8    1126     1292     1428     1524     1578     1588     1560
6.035E-5 7.038E-4 3.013E-3 8.521E-3 0.01925  0.03762  0.06635  0.1095   0.1746   0.2737   0.4234   0.6424   0.9493   1.360    1.884    2.524    3.270    4.100    4.979    5.867    6.727    7.532    8.276    8.982    9.720    10.58    11.70    13.18    15.16    17.85    21.51    26.68    34.25    45.70    63.56    91.95    136.7    204.9    302.8    433.0    593.0    775.9    968.7    1156     1324     1461     1557     1610     1619     1590
7.558E-5 7.906E-4 3.262E-3 9.062E-3 0.02027  0.03933  0.06902  0.1136   0.1807   0.2829   0.4371   0.6621   0.9769   1.397    1.933    2.586    3.347    4.192    5.086    5.988    6.862    7.678    8.434    9.154    9.911    10.80    11.95    13.48    15.53    18.31    22.10    27.46    35.31    47.20    65.79    95.33    141.8    212.6    313.8    447.8    612.1    799.1    995.6    1186     1356     1494     1591     1642     1650     1619
9.377E-5 8.858E-4 3.524E-3 9.626E-3 0.02131  0.04108  0.07177  0.1178   0.1870   0.2923   0.4509   0.6821   1.005    1.435    1.983    2.649    3.425    4.285    5.194    6.110    6.996    7.824    8.591    9.325    10.10    11.02    12.21    13.78    15.90    18.77    22.69    28.24    36.38    48.73    68.04    98.76    147.1    220.5    324.9    462.8    631.3    822.5    1023     1216     1388     1527     1624     1675     1681     1648
1.137E-4 9.859E-4 3.797E-3 0.01021  0.02239  0.04287  0.07457  0.1220   0.1933   0.3018   0.4650   0.7023   1.033    1.473    2.033    2.712    3.503    4.378    5.301    6.231    7.130    7.970    8.748    9.496    10.29    11.24    12.47    14.09    16.28    19.24    23.29    29.03    37.47    50.28    70.35    102.3    152.4    228.4    336.2    478.1    650.8    846.0    1050     1246     1420     1560     1657     1707     1712     1677
1.375E-4 1.095E-3 4.089E-3 0.01082  0.02351  0.04473  0.07745  0.1264   0.1998   0.3115   0.4793   0.7229   1.062    1.512    2.083    2.776    3.581    4.471    5.409    6.353    7.264    8.116    8.906    9.669    10.49    11.46    12.73    14.41    16.66    19.72    23.90    29.85    38.59    51.89    72.73    105.9    157.9    236.6    347.8    493.6    670.5    869.8    1077     1276     1453     1594     1690     1739     1743     1705
1.635E-4 1.211E-3 4.392E-3 0.01146  0.02467  0.04663  0.08040  0.1308   0.2065   0.3214   0.4938   0.7437   1.091    1.551    2.134    2.840    3.660    4.565    5.517    6.475    7.399    8.262    9.065    9.843    10.68    11.69    13.00    14.72    17.05    20.21    24.53    30.68    39.74    53.53    75.17    109.6    163.6    245.0    359.7    509.4    690.4    894.0    1105     1307     1485     1627     1723     1772     1773     1734
1.943E-4 1.335E-3 4.711E-3 0.01212  0.02586  0.04858  0.08341  0.1353   0.2132   0.3315   0.5086   0.7647   1.120    1.590    2.184    2.904    3.738    4.658    5.626    6.597    7.533    8.408    9.222    10.02    10.88    11.91    13.26    15.05    17.45    20.70    25.16    31.52    40.89    55.19    77.65    113.3    169.3    253.5    371.6    525.3    710.4    918.4    1133     1337     1517     1660     1756     1804     1804     1762
2.271E-4 1.465E-3 5.042E-3 0.01279  0.02708  0.05057  0.08648  0.1399   0.2201   0.3417   0.5235   0.7860   1.149    1.629    2.236    2.969    3.818    4.752    5.734    6.719    7.667    8.553    9.379    10.19    11.07    12.14    13.53    15.37    17.84    21.19    25.79    32.37    42.06    56.87    80.16    117.2    175.1    262.1    383.7    541.4    730.8    942.9    1161     1368     1549     1693     1789     1836     1834     1790
2.649E-4 1.608E-3 5.394E-3 0.01351  0.02835  0.05263  0.08963  0.1446   0.2271   0.3521   0.5387   0.8076   1.179    1.669    2.287    3.034    3.897    4.846    5.842    6.841    7.801    8.699    9.537    10.36    11.27    12.36    13.80    15.69    18.24    21.69    26.44    33.23    43.25    58.58    82.72    121.1    181.1    270.8    396.0    557.7    751.2    967.3    1188     1398     1581     1725     1822     1867     1864     1818
3.057E-4 1.757E-3 5.759E-3 0.01424  0.02965  0.05474  0.09285  0.1494   0.2343   0.3626   0.5540   0.8295   1.209    1.709    2.339    3.099    3.977    4.941    5.951    6.962    7.935    8.844    9.694    10.53    11.46    12.59    14.07    16.02    18.65    22.20    27.09    34.11    44.47    60.33    85.33    125.0    187.1    279.8    408.4    574.1    771.9    991.8    1216     1429     1614     1758     1854     1898     1894     1847
3.503E-4 1.914E-3 6.138E-3 0.01500  0.03099  0.05689  0.09613  0.1543   0.2415   0.3733   0.5696   0.8516   1.239    1.750    2.391    3.165    4.056    5.035    6.059    7.084    8.068    8.988    9.851    10.71    11.66    12.82    14.34    16.35    19.05    22.71    27.76    35.00    45.70    62.11    87.99    129.1    193.3    288.8    421.1    590.8    792.8    1017     1245     1460     1646     1791     1887     1930     1924     1875
4.003E-4 2.084E-3 6.536E-3 0.01579  0.03237  0.05909  0.09948  0.1593   0.2488   0.3841   0.5853   0.8738   1.270    1.790    2.443    3.231    4.136    5.129    6.167    7.205    8.200    9.132    10.01    10.88    11.85    13.05    14.61    16.67    19.46    23.22    28.42    35.89    46.94    63.90    90.69    133.2    199.6    298.0    433.8    607.5    813.8    1041     1273     1490     1678     1824     1919     1961     1953     1902
4.541E-4 2.261E-3 6.950E-3 0.01660  0.03378  0.06134  0.1029   0.1643   0.2563   0.3951   0.6012   0.8963   1.301    1.831    2.496    3.296    4.216    5.223    6.275    7.325    8.332    9.274    10.16    11.05    12.04    13.27    14.88    17.00    19.86    23.73    29.08    36.78    48.18    65.71    93.42    137.4    205.9    307.2    446.7    624.4    834.8    1066     1301     1520     1710     1857     1951     1992     1982     1929
5.125E-4 2.447E-3 7.379E-3 0.01744  0.03523  0.06364  0.1063   0.1694   0.2638   0.4062   0.6173   0.9189   1.332    1.872    2.549    3.362    4.296    5.317    6.382    7.445    8.463    9.415    10.31    11.22    12.23    13.50    15.15    17.33    20.27    24.25    29.76    37.69    49.46    67.56    96.20    141.7    212.4    316.6    459.7    641.6    856.1    1092     1330     1551     1742     1890     1983     2023     2011     1956
5.760E-4 2.642E-3 7.826E-3 0.01831  0.03672  0.06599  0.1099   0.1747   0.2715   0.4175   0.6335   0.9417   1.363    1.913    2.601    3.428    4.375    5.411    6.489    7.564    8.593    9.555    10.46    11.38    12.43    13.72    15.42    17.65    20.68    24.77    30.44    38.61    50.75    69.45    99.05    146.0    219.0    326.2    473.0    658.9    877.6    1117     1359     1583     1775     1922     2015     2054     2041     1984
6.446E-4 2.850E-3 8.293E-3 0.01920  0.03825  0.06839  0.1135   0.1799   0.2793   0.4289   0.6499   0.9647   1.394    1.954    2.654    3.494    4.455    5.504    6.596    7.682    8.722    9.695    10.62    11.55    12.62    13.95    15.68    17.98    21.08    25.28    31.12    39.54    52.06    71.37    101.9    150.4    225.7    336.0    486.4    676.4    899.2    1143     1387     1614     1807     1955     2048     2085     2070     2010
7.192E-4 3.068E-3 8.779E-3 0.02013  0.03982  0.07085  0.1171   0.1853   0.2872   0.4404   0.6664   0.9878   1.425    1.996    2.707    3.560    4.534    5.597    6.702    7.800    8.850    9.832    10.76    11.72    12.80    14.17    15.95    18.31    21.50    25.81    31.82    40.48    53.39    73.32    104.9    155.0    232.5    345.9    500.0    694.1    921.3    1168     1416     1645     1840     1987     2080     2116     2099     2037
7.989E-4 3.296E-3 9.282E-3 0.02109  0.04143  0.07335  0.1209   0.1908   0.2951   0.4520   0.6832   1.011    1.457    2.037    2.761    3.626    4.614    5.691    6.808    7.918    8.979    9.970    10.91    11.88    13.00    14.40    16.22    18.64    21.92    26.34    32.52    41.44    54.74    75.31    107.9    159.6    239.5    356.0    513.7    711.9    943.3    1194     1444     1676     1873     2020     2112     2146     2127     2064
8.824E-4 3.533E-3 9.799E-3 0.02206  0.04307  0.07590  0.1246   0.1963   0.3032   0.4638   0.7001   1.035    1.489    2.079    2.814    3.692    4.694    5.784    6.914    8.036    9.107    10.11    11.06    12.05    13.19    14.63    16.50    18.98    22.34    26.88    33.23    42.42    56.11    77.33    111.0    164.3    246.6    366.2    527.6    729.9    965.3    1220     1473     1707     1906     2053     2144     2177     2156     2091
9.744E-4 3.785E-3 0.01034  0.02307  0.04476  0.07851  0.1285   0.2019   0.3114   0.4758   0.7171   1.059    1.521    2.121    2.868    3.759    4.774    5.877    7.020    8.153    9.234    10.25    11.21    12.22    13.38    14.86    16.77    19.33    22.77    27.43    33.96    43.40    57.50    79.36    114.1    169.0    253.7    376.4    541.6    747.8    987.3    1246     1502     1738     1937     2085     2175     2206     2184     2117
1.073E-3 4.049E-3 0.01090  0.02412  0.04649  0.08117  0.1324   0.2076   0.3197   0.4878   0.7343   1.082    1.553    2.163    2.921    3.825    4.854    5.970    7.126    8.270    9.361    10.38    11.36    12.39    13.57    15.09    17.05    19.67    23.20    27.98    34.69    44.39    58.91    81.43    117.2    173.8    260.9    386.7    555.6    765.9    1010     1272     1530     1769     1968     2117     2206     2236     2212     2142
1.177E-3 4.325E-3 0.01149  0.02519  0.04826  0.08387  0.1364   0.2134   0.3281   0.5000   0.7517   1.107    1.586    2.205    2.975    3.891    4.933    6.063    7.231    8.386    9.488    10.52    11.51    12.55    13.77    15.32    17.33    20.01    23.63    28.53    35.42    45.38    60.32    83.53    120.4    178.7    268.3    397.2    569.8    784.1    1032     1298     1559     1799     2000     2148     2236     2265     2240     2168
1.288E-3 4.613E-3 0.01209  0.02629  0.05007  0.08663  0.1404   0.2192   0.3366   0.5123   0.7692   1.131    1.618    2.248    3.029    3.958    5.013    6.155    7.336    8.502    9.613    10.65    11.66    12.72    13.96    15.55    17.60    20.35    24.06    29.08    36.15    46.39    61.75    85.65    123.6    183.7    275.7    407.8    584.2    802.5    1054     1323     1587     1830     2032     2180     2267     2295     2267     2193
1.404E-3 4.911E-3 0.01271  0.02742  0.05191  0.08943  0.1445   0.2251   0.3452   0.5247   0.7868   1.155    1.651    2.290    3.083    4.024    5.092    6.248    7.440    8.616    9.738    10.79    11.81    12.88    14.15    15.77    17.88    20.69    24.48    29.64    36.89    47.40    63.21    87.82    126.9    188.7    283.3    418.6    598.7    821.1    1076     1349     1616     1860     2064     2211     2298     2324     2295     2219
1.529E-3 5.225E-3 0.01336  0.02859  0.05380  0.09228  0.1487   0.2311   0.3539   0.5372   0.8045   1.179    1.683    2.333    3.136    4.090    5.171    6.339    7.543    8.730    9.861    10.92    11.95    13.05    14.34    16.00    18.16    21.04    24.92    30.21    37.64    48.44    64.69    90.02    130.2    193.9    290.9    429.5    613.4    839.8    1099     1375     1646     1890     2095     2242     2329     2353     2322     2244
1.659E-3 5.547E-3 0.01403  0.02978  0.05572  0.09518  0.1529   0.2371   0.3626   0.5498   0.8223   1.204    1.716    2.375    3.190    4.156    5.250    6.431    7.647    8.844    9.984    11.05    12.10    13.21    14.53    16.23    18.43    21.38    25.36    30.78    38.40    49.49    66.19    92.24    133.6    199.1    298.7    440.5    628.1    858.6    1122     1402     1675     1921     2127     2274     2359     2383     2349     2269
1.798E-3 5.891E-3 0.01472  0.03101  0.05770  0.09814  0.1571   0.2433   0.3715   0.5625   0.8403   1.229    1.749    2.418    3.244    4.222    5.328    6.521    7.749    8.956    10.11    11.18    12.24    13.37    14.72    16.46    18.71    21.73    25.79    31.34    39.16    50.54    67.69    94.50    137.1    204.4    306.5    451.6    643.0    877.6    1145     1429     1704     1952     2158     2305     2390     2411     2376     2294
1.945E-3 6.245E-3 0.01544  0.03227  0.05971  0.1011   0.1615   0.2495   0.3804   0.5753   0.8583   1.253    1.782    2.460    3.297    4.287    5.406    6.611    7.850    9.067    10.22    11.31    12.38    13.53    14.91    16.68    18.98    22.07    26.23    31.91    39.93    51.59    69.22    96.78    140.6    209.7    314.5    462.8    658.0    896.6    1168     1455     1733     1983     2189     2337     2419     2440     2403     2318
2.098E-3 6.609E-3 0.01617  0.03355  0.06175  0.1042   0.1658   0.2557   0.3894   0.5882   0.8764   1.278    1.815    2.503    3.351    4.353    5.484    6.701    7.951    9.178    10.34    11.44    12.52    13.69    15.09    16.90    19.26    22.42    26.67    32.48    40.70    52.67    70.77    99.10    144.1    215.1    322.5    474.0    673.0    915.8    1191     1480     1762     2014     2220     2368     2449     2468     2429     2343
2.259E-3 6.987E-3 0.01692  0.03487  0.06383  0.1073   0.1702   0.2620   0.3985   0.6012   0.8946   1.303    1.848    2.545    3.405    4.418    5.562    6.791    8.051    9.287    10.46    11.57    12.66    13.84    15.28    17.13    19.53    22.77    27.11    33.06    41.48    53.75    72.33    101.4    147.7    220.6    330.6    485.4    688.1    934.9    1214     1506     1791     2045     2251     2399     2479     2496     2456     2367
2.432E-3 7.386E-3 0.01770  0.03622  0.06596  0.1104   0.1747   0.2684   0.4076   0.6143   0.9129   1.328    1.881    2.588    3.458    4.484    5.640    6.881    8.151    9.397    10.58    11.69    12.79    14.00    15.46    17.35    19.81    23.11    27.55    33.64    42.26    54.83    73.90    103.8    151.3    226.2    338.8    496.9    703.3    954.2    1237     1532     1819     2075     2282     2430     2508     2524     2482     2391
2.615E-3 7.804E-3 0.01852  0.03762  0.06814  0.1136   0.1793   0.2749   0.4169   0.6275   0.9314   1.353    1.914    2.631    3.512    4.549    5.717    6.969    8.250    9.505    10.70    11.82    12.93    14.16    15.65    17.57    20.09    23.46    28.00    34.22    43.04    55.93    75.49    106.2    155.0    231.8    347.1    508.5    718.6    973.4    1260     1558     1847     2105     2312     2460     2538     2552     2508     2415
2.804E-3 8.233E-3 0.01935  0.03905  0.07036  0.1169   0.1839   0.2814   0.4263   0.6408   0.9500   1.378    1.947    2.673    3.565    4.614    5.794    7.058    8.350    9.614    10.81    11.94    13.07    14.32    15.84    17.80    20.37    23.82    28.45    34.81    43.84    57.04    77.12    108.6    158.8    237.5    355.4    520.3    734.1    992.8    1284     1585     1875     2135     2343     2490     2568     2580     2534     2439
3.001E-3 8.675E-3 0.02020  0.04050  0.07260  0.1201   0.1885   0.2880   0.4357   0.6542   0.9686   1.403    1.980    2.716    3.619    4.679    5.871    7.147    8.448    9.721    10.93    12.07    13.21    14.48    16.03    18.03    20.66    24.17    28.90    35.42    44.65    58.18    78.78    111.1    162.6    243.4    363.9    532.2    749.9    1013     1307     1612     1904     2165     2374     2521     2598     2608     2560     2463
3.206E-3 9.132E-3 0.02107  0.04198  0.07489  0.1234   0.1932   0.2947   0.4452   0.6677   0.9873   1.429    2.014    2.759    3.672    4.744    5.948    7.235    8.547    9.829    11.04    12.19    13.35    14.64    16.22    18.26    20.94    24.53    29.37    36.03    45.47    59.34    80.46    113.7    166.5    249.3    372.6    544.3    765.9    1032     1330     1639     1933     2195     2406     2551     2627     2636     2586     2487
3.421E-3 9.610E-3 0.02197  0.04350  0.07722  0.1268   0.1980   0.3014   0.4548   0.6813   1.006    1.454    2.047    2.802    3.726    4.809    6.024    7.323    8.645    9.936    11.16    12.32    13.49    14.80    16.42    18.50    21.23    24.89    29.83    36.64    46.30    60.50    82.16    116.2    170.4    255.3    381.4    556.4    782.0    1052     1353     1665     1962     2226     2437     2581     2656     2664     2612     2510
3.648E-3 0.01011  0.02291  0.04505  0.07960  0.1302   0.2028   0.3082   0.4644   0.6949   1.025    1.480    2.081    2.844    3.779    4.874    6.100    7.410    8.742    10.04    11.27    12.44    13.63    14.96    16.61    18.73    21.52    25.26    30.30    37.26    47.14    61.68    83.88    118.8    174.4    261.4    390.3    568.6    797.9    1072     1377     1692     1992     2256     2467     2611     2685     2691     2637     2534
3.882E-3 0.01062  0.02386  0.04664  0.08201  0.1337   0.2076   0.3150   0.4742   0.7086   1.044    1.505    2.114    2.887    3.832    4.938    6.176    7.497    8.838    10.15    11.39    12.57    13.77    15.12    16.80    18.96    21.81    25.63    30.77    37.88    47.98    62.87    85.62    121.5    178.4    267.5    399.2    581.0    814.1    1093     1402     1720     2021     2286     2498     2641     2714     2719     2662     2557
4.127E-3 0.01114  0.02484  0.04826  0.08447  0.1372   0.2125   0.3219   0.4840   0.7224   1.063    1.531    2.147    2.930    3.885    5.002    6.251    7.582    8.934    10.25    11.50    12.69    13.90    15.27    16.99    19.19    22.10    25.99    31.25    38.51    48.83    64.07    87.38    124.1    182.5    273.7    408.2    593.4    830.1    1113     1425     1746     2050     2316     2529     2670     2742     2746     2687     2580
4.383E-3 0.01169  0.02585  0.04991  0.08696  0.1408   0.2175   0.3289   0.4938   0.7362   1.082    1.556    2.181    2.972    3.937    5.066    6.326    7.668    9.028    10.35    11.61    12.80    14.03    15.43    17.17    19.42    22.39    26.35    31.72    39.13    49.68    65.26    89.14    126.8    186.6    279.9    417.2    605.6    845.9    1133     1448     1773     2079     2345     2559     2699     2770     2771     2711     2602
4.651E-3 0.01225  0.02688  0.05160  0.08950  0.1444   0.2225   0.3359   0.5038   0.7501   1.101    1.582    2.214    3.015    3.990    5.130    6.401    7.752    9.122    10.45    11.72    12.92    14.16    15.58    17.36    19.65    22.68    26.72    32.19    39.76    50.53    66.47    90.93    129.5    190.8    286.2    426.2    618.0    861.9    1153     1471     1799     2107     2375     2588     2728     2797     2797     2735     2623
4.933E-3 0.01284  0.02795  0.05332  0.09207  0.1480   0.2275   0.3430   0.5138   0.7641   1.120    1.607    2.247    3.057    4.042    5.193    6.475    7.836    9.214    10.55    11.82    13.04    14.29    15.73    17.54    19.87    22.96    27.08    32.66    40.39    51.40    67.70    92.74    132.2    195.1    292.6    435.5    630.6    878.2    1173     1495     1824     2135     2404     2617     2757     2824     2822     2758     2645
5.225E-3 0.01344  0.02904  0.05508  0.09468  0.1517   0.2327   0.3502   0.5239   0.7781   1.139    1.633    2.280    3.099    4.095    5.255    6.548    7.919    9.306    10.65    11.93    13.15    14.42    15.88    17.73    20.10    23.25    27.44    33.13    41.02    52.26    68.93    94.56    135.0    199.3    299.0    444.8    643.3    894.5    1193     1518     1849     2162     2433     2646     2785     2851     2848     2781     2667
5.528E-3 0.01406  0.03015  0.05687  0.09733  0.1554   0.2378   0.3574   0.5340   0.7923   1.159    1.659    2.314    3.141    4.147    5.318    6.621    8.002    9.397    10.75    12.03    13.27    14.55    16.03    17.91    20.32    23.53    27.80    33.60    41.65    53.12    70.17    96.39    137.8    203.7    305.5    454.1    656.0    911.0    1213     1542     1875     2190     2462     2675     2813     2879     2873     2805     2688
5.843E-3 0.01470  0.03130  0.05869  0.1000   0.1592   0.2430   0.3646   0.5442   0.8065   1.178    1.684    2.347    3.183    4.199    5.380    6.694    8.085    9.488    10.85    12.14    13.38    14.68    16.18    18.09    20.55    23.81    28.17    34.08    42.28    53.99    71.42    98.25    140.6    208.0    312.1    463.7    668.9    927.7    1234     1566     1901     2217     2492     2703     2841     2906     2898     2829     2710
6.175E-3 0.01537  0.03248  0.06056  0.1028   0.1630   0.2483   0.3720   0.5545   0.8208   1.198    1.710    2.380    3.226    4.251    5.443    6.766    8.166    9.578    10.95    12.24    13.50    14.81    16.34    18.28    20.78    24.10    28.54    34.57    42.93    54.89    72.70    100.2    143.5    212.5    318.8    473.3    682.0    944.7    1254     1589     1928     2246     2521     2731     2870     2933     2923     2852     2731
6.516E-3 0.01605  0.03368  0.06245  0.1055   0.1669   0.2536   0.3794   0.5649   0.8352   1.217    1.736    2.414    3.268    4.302    5.505    6.839    8.248    9.668    11.05    12.35    13.61    14.94    16.49    18.46    21.01    24.40    28.92    35.07    43.60    55.80    74.01    102.1    146.5    217.1    325.7    483.1    695.3    961.8    1275     1614     1955     2274     2551     2760     2898     2960     2948     2875     2752
6.871E-3 0.01676  0.03491  0.06438  0.1084   0.1708   0.2590   0.3868   0.5754   0.8497   1.237    1.762    2.447    3.310    4.354    5.567    6.911    8.329    9.758    11.14    12.45    13.72    15.06    16.64    18.65    21.24    24.69    29.29    35.57    44.27    56.73    75.33    104.1    149.5    221.7    332.6    492.9    708.7    979.1    1296     1638     1982     2303     2580     2789     2926     2987     2973     2898     2774
7.241E-3 0.01749  0.03617  0.06637  0.1112   0.1748   0.2644   0.3944   0.5859   0.8642   1.256    1.788    2.481    3.352    4.406    5.628    6.982    8.410    9.846    11.24    12.55    13.84    15.19    16.80    18.84    21.47    24.98    29.67    36.06    44.93    57.65    76.66    106.0    152.5    226.4    339.6    502.9    722.1    996.4    1316     1662     2008     2332     2608     2818     2955     3013     2998     2921     2794
7.632E-3 0.01825  0.03748  0.06840  0.1142   0.1788   0.2700   0.4020   0.5965   0.8788   1.276    1.814    2.514    3.394    4.457    5.690    7.053    8.490    9.934    11.33    12.66    13.95    15.32    16.95    19.02    21.71    25.28    30.04    36.55    45.58    58.56    77.98    108.0    155.6    231.0    346.5    512.7    735.2    1013     1337     1686     2034     2359     2636     2846     2982     3039     3022     2943     2815
8.030E-3 0.01903  0.03880  0.07045  0.1171   0.1829   0.2755   0.4097   0.6072   0.8935   1.296    1.840    2.547    3.436    4.508    5.751    7.124    8.570    10.02    11.43    12.76    14.06    15.45    17.11    19.21    21.94    25.57    30.41    37.04    46.24    59.47    79.30    110.0    158.6    235.7    353.5    522.5    748.4    1030     1357     1710     2061     2387     2663     2874     3009     3065     3046     2966     2835
8.445E-3 0.01983  0.04016  0.07254  0.1201   0.1870   0.2811   0.4175   0.6179   0.9083   1.316    1.866    2.581    3.478    4.560    5.812    7.195    8.649    10.11    11.52    12.86    14.17    15.58    17.26    19.39    22.17    25.86    30.79    37.53    46.89    60.38    80.63    112.0    161.7    240.5    360.5    532.4    761.6    1047     1378     1733     2086     2414     2691     2902     3036     3090     3070     2987     2855
8.874E-3 0.02065  0.04154  0.07466  0.1231   0.1911   0.2868   0.4253   0.6287   0.9231   1.336    1.892    2.614    3.519    4.610    5.872    7.265    8.727    10.19    11.61    12.96    14.28    15.70    17.41    19.58    22.41    26.15    31.16    38.03    47.55    61.30    81.97    114.0    164.8    245.3    367.6    542.4    774.8    1064     1398     1756     2111     2441     2720     2930     3063     3115     3093     3009     2874
9.319E-3 0.02149  0.04295  0.07681  0.1262   0.1953   0.2925   0.4331   0.6395   0.9379   1.355    1.918    2.647    3.561    4.661    5.932    7.334    8.805    10.28    11.70    13.06    14.39    15.83    17.56    19.76    22.64    26.45    31.55    38.53    48.23    62.24    83.34    116.1    168.0    250.1    374.7    552.5    788.1    1081     1418     1778     2136     2468     2747     2957     3089     3140     3116     3030     2894
9.781E-3 0.02236  0.04440  0.07901  0.1293   0.1995   0.2982   0.4411   0.6504   0.9529   1.375    1.944    2.681    3.602    4.712    5.992    7.403    8.882    10.36    11.79    13.15    14.50    15.95    17.71    19.95    22.88    26.75    31.94    39.04    48.92    63.21    84.73    118.1    171.2    255.0    382.0    562.7    801.8    1098     1439     1801     2163     2496     2774     2985     3116     3165     3140     3052     2913
0.01026  0.02326  0.04588  0.08124  0.1324   0.2038   0.3041   0.4491   0.6615   0.9678   1.395    1.970    2.714    3.644    4.762    6.052    7.471    8.958    10.45    11.88    13.25    14.60    16.07    17.86    20.13    23.11    27.04    32.33    39.56    49.61    64.18    86.14    120.2    174.4    260.0    389.3    573.0    815.4    1115     1459     1825     2189     2522     2801     3012     3142     3189     3163     3073     2932
0.01077  0.02418  0.04739  0.08352  0.1356   0.2081   0.3099   0.4571   0.6726   0.9829   1.415    1.996    2.747    3.685    4.812    6.111    7.539    9.034    10.53    11.97    13.35    14.71    16.20    18.01    20.32    23.34    27.34    32.72    40.07    50.30    65.15    87.56    122.4    177.7    265.0    396.7    583.4    829.3    1132     1479     1848     2215     2549     2828     3039     3168     3212     3185     3093     2951
0.01128  0.02513  0.04893  0.08582  0.1389   0.2125   0.3158   0.4653   0.6837   0.9980   1.436    2.022    2.780    3.726    4.862    6.170    7.607    9.109    10.61    12.06    13.44    14.81    16.32    18.16    20.50    23.57    27.64    33.11    40.59    51.00    66.14    89.00    124.5    181.0    270.1    404.2    593.8    843.3    1150     1500     1872     2241     2576     2856     3065     3193     3236     3208     3114     2970
0.01181  0.02609  0.05050  0.08816  0.1421   0.2169   0.3217   0.4734   0.6949   1.013    1.456    2.048    2.813    3.767    4.911    6.228    7.674    9.184    10.69    12.15    13.53    14.91    16.44    18.30    20.68    23.80    27.93    33.49    41.09    51.69    67.11    90.41    126.7    184.3    275.1    411.6    604.0    856.8    1167     1521     1895     2266     2602     2882     3091     3219     3260     3230     3135     2988
0.01235  0.02707  0.05209  0.09053  0.1454   0.2213   0.3277   0.4816   0.7062   1.028    1.476    2.074    2.847    3.808    4.961    6.287    7.741    9.259    10.77    12.23    13.63    15.02    16.56    18.45    20.86    24.03    28.22    33.87    41.59    52.37    68.06    91.82    128.8    187.6    280.1    418.9    614.1    870.2    1184     1542     1918     2290     2627     2908     3117     3243     3283     3251     3154     3006
0.01292  0.02809  0.05374  0.09295  0.1488   0.2258   0.3338   0.4899   0.7175   1.044    1.496    2.101    2.880    3.849    5.011    6.345    7.808    9.333    10.85    12.32    13.72    15.12    16.68    18.60    21.04    24.26    28.51    34.25    42.10    53.06    69.04    93.26    131.0    191.0    285.2    426.3    624.4    883.8    1201     1562     1941     2314     2653     2934     3142     3267     3306     3272     3174     3024
0.01351  0.02914  0.05541  0.09541  0.1521   0.2304   0.3400   0.4983   0.7290   1.059    1.516    2.127    2.913    3.890    5.060    6.404    7.874    9.407    10.93    12.41    13.81    15.23    16.81    18.75    21.23    24.49    28.81    34.64    42.61    53.76    70.04    94.72    133.2    194.4    290.5    433.9    634.9    897.5    1218     1582     1964     2338     2678     2960     3168     3291     3330     3294     3194     3042
0.01412  0.03020  0.05711  0.09790  0.1556   0.2350   0.3462   0.5068   0.7405   1.075    1.537    2.153    2.946    3.931    5.110    6.462    7.941    9.481    11.01    12.49    13.91    15.33    16.93    18.90    21.41    24.73    29.11    35.04    43.13    54.47    71.06    96.20    135.5    197.9    295.7    441.5    645.5    911.3    1235     1602     1987     2362     2704     2987     3194     3315     3353     3315     3214     3060
0.01473  0.03129  0.05883  0.1004   0.1590   0.2396   0.3524   0.5152   0.7520   1.090    1.557    2.180    2.979    3.972    5.159    6.519    8.006    9.553    11.09    12.58    14.00    15.43    17.05    19.05    21.60    24.97    29.41    35.43    43.66    55.19    72.08    97.69    137.7    201.4    301.1    449.3    656.1    925.2    1252     1622     2010     2387     2731     3014     3220     3340     3376     3337     3234     3078
0.01537  0.03240  0.06058  0.1030   0.1625   0.2443   0.3587   0.5238   0.7636   1.106    1.578    2.206    3.013    4.013    5.208    6.577    8.071    9.625    11.17    12.66    14.09    15.53    17.17    19.19    21.79    25.20    29.71    35.83    44.18    55.90    73.09    99.19    140.0    204.9    306.4    457.0    666.8    938.9    1270     1642     2032     2412     2758     3040     3246     3363     3399     3358     3253     3095
0.01602  0.03354  0.06237  0.1055   0.1661   0.2490   0.3651   0.5324   0.7753   1.121    1.598    2.232    3.046    4.053    5.257    6.634    8.136    9.697    11.25    12.74    14.18    15.63    17.29    19.34    21.97    25.43    30.01    36.21    44.69    56.60    74.09    100.7    142.2    208.4    311.6    464.6    677.3    952.6    1286     1662     2055     2437     2783     3065     3270     3387     3421     3379     3271     3112
0.01670  0.03471  0.06419  0.1082   0.1697   0.2538   0.3715   0.5411   0.7870   1.137    1.619    2.258    3.079    4.094    5.305    6.690    8.199    9.766    11.32    12.82    14.26    15.73    17.41    19.48    22.14    25.66    30.30    36.60    45.21    57.32    75.09    102.2    144.5    211.9    316.9    472.4    687.8    966.4    1303     1682     2078     2462     2808     3089     3293     3410     3443     3399     3289     3129
0.01739  0.03590  0.06604  0.1108   0.1733   0.2586   0.3779   0.5498   0.7987   1.153    1.639    2.284    3.111    4.133    5.353    6.745    8.262    9.835    11.40    12.90    14.35    15.83    17.52    19.62    22.32    25.89    30.60    36.99    45.73    58.03    76.11    103.7    146.8    215.4    322.2    480.1    698.5    980.1    1320     1701     2099     2486     2832     3114     3317     3434     3464     3419     3308     3146
0.01811  0.03711  0.06791  0.1135   0.1769   0.2634   0.3843   0.5585   0.8105   1.168    1.660    2.310    3.144    4.173    5.400    6.801    8.325    9.904    11.47    12.98    14.43    15.93    17.64    19.76    22.50    26.12    30.90    37.38    46.25    58.74    77.13    105.2    149.1    219.0    327.6    487.8    709.1    993.9    1337     1721     2121     2509     2856     3138     3341     3457     3486     3439     3326     3162
0.01883  0.03835  0.06982  0.1162   0.1805   0.2683   0.3908   0.5673   0.8224   1.184    1.680    2.337    3.177    4.213    5.448    6.856    8.387    9.972    11.55    13.06    14.52    16.02    17.75    19.91    22.69    26.35    31.19    37.77    46.77    59.45    78.15    106.7    151.4    222.5    332.9    495.5    719.7    1008     1354     1741     2143     2532     2879     3162     3364     3480     3507     3459     3344     3178
0.01959  0.03962  0.07176  0.1190   0.1843   0.2732   0.3974   0.5761   0.8343   1.200    1.701    2.363    3.209    4.253    5.495    6.911    8.449    10.04    11.62    13.14    14.60    16.12    17.87    20.05    22.87    26.58    31.49    38.17    47.30    60.18    79.18    108.2    153.8    226.2    338.3    503.3    730.3    1022     1371     1760     2164     2556     2904     3187     3389     3503     3528     3479     3362     3195
0.02036  0.04091  0.07374  0.1218   0.1880   0.2781   0.4040   0.5850   0.8463   1.216    1.721    2.389    3.242    4.292    5.542    6.965    8.510    10.11    11.69    13.22    14.69    16.22    17.99    20.20    23.05    26.81    31.79    38.56    47.82    60.90    80.22    109.7    156.1    229.8    343.8    511.0    740.8    1035     1387     1780     2186     2579     2928     3212     3413     3525     3549     3498     3380     3211
0.02115  0.04223  0.07574  0.1246   0.1918   0.2831   0.4106   0.5939   0.8583   1.232    1.742    2.415    3.274    4.332    5.589    7.020    8.572    10.17    11.76    13.29    14.77    16.31    18.10    20.34    23.24    27.05    32.08    38.95    48.34    61.62    81.27    111.3    158.4    233.4    349.2    518.8    751.4    1049     1404     1800     2207     2602     2952     3236     3437     3547     3570     3518     3398     3227
0.02196  0.04357  0.07777  0.1274   0.1956   0.2881   0.4173   0.6029   0.8704   1.248    1.763    2.441    3.307    4.372    5.636    7.075    8.633    10.24    11.84    13.37    14.86    16.41    18.22    20.48    23.42    27.28    32.38    39.34    48.86    62.35    82.32    112.9    160.8    237.1    354.7    526.6    761.9    1063     1421     1820     2229     2626     2976     3260     3461     3569     3592     3537     3416     3243
0.02279  0.04493  0.07983  0.1303   0.1994   0.2932   0.4240   0.6119   0.8825   1.264    1.783    2.468    3.339    4.411    5.683    7.128    8.693    10.31    11.91    13.45    14.94    16.51    18.34    20.63    23.61    27.51    32.69    39.75    49.40    63.08    83.38    114.4    163.3    240.8    360.3    534.5    772.5    1076     1438     1839     2252     2649     3000     3284     3484     3591     3613     3557     3433     3259
0.02364  0.04633  0.08191  0.1332   0.2033   0.2983   0.4308   0.6210   0.8947   1.280    1.804    2.494    3.371    4.450    5.730    7.182    8.753    10.37    11.98    13.52    15.02    16.60    18.45    20.77    23.79    27.73    32.98    40.14    49.93    63.81    84.43    116.0    165.7    244.5    365.8    542.4    783.0    1090     1455     1859     2274     2672     3024     3307     3506     3613     3633     3575     3450     3275
0.02451  0.04774  0.08402  0.1361   0.2072   0.3034   0.4376   0.6301   0.9069   1.296    1.825    2.520    3.404    4.489    5.776    7.235    8.812    10.44    12.05    13.60    15.11    16.69    18.56    20.91    23.97    27.96    33.28    40.52    50.45    64.52    85.45    117.5    168.1    248.1    371.2    550.1    793.3    1103     1471     1877     2296     2695     3047     3329     3528     3634     3653     3594     3466     3289
0.02539  0.04918  0.08616  0.1391   0.2111   0.3086   0.4444   0.6392   0.9191   1.312    1.845    2.546    3.436    4.528    5.822    7.288    8.871    10.50    12.12    13.67    15.19    16.79    18.68    21.05    24.14    28.19    33.57    40.90    50.96    65.23    86.48    119.1    170.4    251.8    376.6    557.8    803.6    1116     1487     1896     2316     2717     3070     3351     3550     3654     3673     3612     3483     3304
0.02630  0.05064  0.08832  0.1421   0.2151   0.3138   0.4513   0.6484   0.9313   1.328    1.866    2.572    3.468    4.567    5.868    7.340    8.930    10.57    12.18    13.74    15.27    16.88    18.79    21.19    24.33    28.41    33.87    41.29    51.48    65.95    87.52    120.6    172.8    255.4    382.0    565.6    814.2    1130     1503     1914     2336     2738     3092     3374     3571     3675     3692     3629     3499     3319
0.02723  0.05213  0.09051  0.1451   0.2191   0.3190   0.4582   0.6576   0.9436   1.344    1.886    2.598    3.500    4.606    5.913    7.392    8.988    10.63    12.25    13.82    15.35    16.97    18.90    21.33    24.50    28.64    34.17    41.68    52.01    66.67    88.57    122.2    175.2    259.1    387.5    573.4    824.7    1143     1519     1932     2356     2759     3114     3396     3592     3694     3710     3646     3515     3333
0.02818  0.05365  0.09274  0.1482   0.2231   0.3242   0.4651   0.6669   0.9559   1.360    1.907    2.624    3.532    4.644    5.958    7.444    9.046    10.69    12.32    13.89    15.42    17.06    19.01    21.47    24.68    28.87    34.47    42.08    52.54    67.41    89.63    123.8    177.6    262.8    393.0    581.2    835.3    1157     1535     1950     2375     2780     3136     3418     3612     3714     3729     3663     3530     3347
0.02915  0.05518  0.09498  0.1512   0.2272   0.3295   0.4721   0.6763   0.9683   1.376    1.928    2.650    3.564    4.683    6.003    7.496    9.103    10.76    12.39    13.96    15.50    17.15    19.13    21.62    24.86    29.11    34.77    42.48    53.08    68.17    90.71    125.4    180.1    266.6    398.6    589.1    845.9    1170     1551     1969     2396     2801     3158     3441     3633     3734     3747     3680     3546     3361
0.03012  0.05673  0.09725  0.1543   0.2312   0.3348   0.4791   0.6856   0.9806   1.392    1.948    2.676    3.596    4.721    6.048    7.547    9.160    10.82    12.45    14.03    15.58    17.25    19.24    21.76    25.04    29.34    35.08    42.88    53.61    68.92    91.79    127.0    182.6    270.4    404.2    596.9    856.4    1184     1567     1988     2416     2822     3180     3462     3654     3754     3765     3696     3561     3375
0.03113  0.05832  0.09955  0.1575   0.2353   0.3401   0.4862   0.6950   0.9930   1.408    1.969    2.702    3.627    4.759    6.093    7.598    9.217    10.88    12.52    14.10    15.66    17.34    19.35    21.90    25.22    29.56    35.37    43.27    54.14    69.66    92.87    128.6    185.1    274.2    409.8    604.7    866.9    1197     1584     2006     2436     2844     3202     3483     3674     3774     3783     3713     3576     3388
0.03216  0.05994  0.1019   0.1606   0.2395   0.3455   0.4932   0.7044   1.005    1.424    1.990    2.728    3.659    4.797    6.138    7.649    9.273    10.94    12.58    14.17    15.73    17.43    19.47    22.04    25.39    29.78    35.67    43.66    54.67    70.39    93.94    130.2    187.5    278.0    415.4    612.6    877.4    1210     1600     2025     2456     2865     3223     3503     3694     3793     3801     3729     3591     3402
0.03322  0.06159  0.1043   0.1638   0.2436   0.3509   0.5004   0.7139   1.018    1.441    2.010    2.753    3.690    4.835    6.181    7.699    9.329    11.00    12.65    14.24    15.81    17.52    19.58    22.18    25.57    30.01    35.96    44.05    55.19    71.12    95.02    131.9    190.0    281.8    421.0    620.4    887.9    1223     1615     2042     2476     2886     3243     3523     3714     3811     3818     3745     3606     3415
0.03428  0.06324  0.1066   0.1670   0.2478   0.3563   0.5075   0.7233   1.030    1.457    2.031    2.779    3.721    4.872    6.225    7.748    9.383    11.06    12.71    14.31    15.88    17.61    19.68    22.31    25.74    30.22    36.25    44.43    55.70    71.86    96.10    133.5    192.5    285.7    426.7    628.3    898.3    1237     1631     2060     2495     2907     3263     3544     3734     3830     3835     3761     3620     3428
0.03536  0.06492  0.1090   0.1703   0.2520   0.3618   0.5146   0.7328   1.043    1.473    2.052    2.804    3.753    4.909    6.268    7.797    9.438    11.12    12.77    14.37    15.96    17.69    19.79    22.45    25.91    30.44    36.54    44.81    56.22    72.59    97.19    135.1    195.0    289.5    432.3    636.2    908.8    1250     1647     2078     2514     2928     3284     3564     3754     3848     3852     3777     3635     3441
0.03647  0.06662  0.1115   0.1735   0.2562   0.3672   0.5218   0.7422   1.055    1.489    2.072    2.830    3.783    4.946    6.311    7.846    9.491    11.18    12.84    14.44    16.03    17.78    19.89    22.58    26.08    30.66    36.83    45.19    56.73    73.31    98.26    136.7    197.5    293.3    437.9    643.9    918.9    1263     1662     2095     2533     2947     3304     3584     3773     3866     3869     3792     3648     3453
0.03758  0.06833  0.1139   0.1768   0.2604   0.3727   0.5290   0.7517   1.068    1.505    2.092    2.855    3.814    4.982    6.354    7.894    9.545    11.23    12.90    14.50    16.10    17.87    20.00    22.71    26.25    30.88    37.11    45.57    57.24    74.03    99.32    138.3    200.0    297.0    443.4    651.6    929.0    1275     1677     2112     2551     2966     3324     3603     3791     3883     3884     3807     3661     3465
0.03872  0.07007  0.1164   0.1801   0.2647   0.3782   0.5362   0.7612   1.080    1.521    2.113    2.880    3.845    5.019    6.396    7.942    9.598    11.29    12.96    14.57    16.18    17.95    20.11    22.85    26.42    31.10    37.39    45.94    57.74    74.74    100.4    139.9    202.5    300.7    448.8    659.1    938.8    1287     1691     2129     2569     2985     3343     3621     3808     3899     3900     3821     3674     3476
0.03987  0.07183  0.1188   0.1834   0.2689   0.3837   0.5434   0.7707   1.093    1.537    2.133    2.906    3.875    5.055    6.439    7.990    9.650    11.35    13.02    14.63    16.25    18.04    20.21    22.98    26.59    31.32    37.67    46.31    58.25    75.46    101.4    141.5    204.9    304.4    454.2    666.6    948.6    1300     1705     2145     2587     3004     3362     3638     3825     3915     3915     3834     3686     3487
0.04105  0.07362  0.1214   0.1867   0.2732   0.3893   0.5507   0.7803   1.105    1.553    2.153    2.931    3.906    5.092    6.480    8.037    9.702    11.40    13.08    14.70    16.32    18.13    20.32    23.12    26.76    31.54    37.96    46.68    58.76    76.18    102.4    143.1    207.4    308.1    459.6    674.2    958.5    1312     1720     2162     2606     3023     3380     3656     3842     3932     3930     3848     3698     3498
0.04226  0.07544  0.1239   0.1901   0.2775   0.3948   0.5580   0.7899   1.118    1.570    2.174    2.956    3.936    5.127    6.522    8.084    9.754    11.46    13.14    14.76    16.40    18.21    20.43    23.25    26.93    31.76    38.24    47.06    59.28    76.90    103.5    144.7    209.9    311.9    465.1    681.8    968.6    1324     1734     2178     2624     3041     3398     3674     3859     3948     3945     3861     3711     3509
0.04347  0.07727  0.1265   0.1935   0.2819   0.4004   0.5653   0.7995   1.130    1.586    2.194    2.981    3.966    5.163    6.563    8.131    9.805    11.51    13.20    14.83    16.47    18.30    20.53    23.39    27.10    31.98    38.53    47.45    59.80    77.63    104.6    146.3    212.4    315.7    470.6    689.4    978.8    1337     1749     2193     2641     3059     3415     3692     3876     3964     3960     3875     3723     3520
0.04471  0.07913  0.1290   0.1969   0.2862   0.4061   0.5727   0.8091   1.143    1.602    2.214    3.005    3.996    5.199    6.604    8.177    9.856    11.57    13.26    14.89    16.54    18.38    20.64    23.52    27.27    32.20    38.82    47.83    60.33    78.38    105.7    148.0    214.9    319.6    476.1    696.9    989.0    1349     1764     2210     2659     3077     3433     3710     3893     3981     3975     3888     3735     3531
0.04596  0.08100  0.1316   0.2003   0.2906   0.4117   0.5800   0.8187   1.155    1.618    2.234    3.030    4.026    5.234    6.645    8.223    9.906    11.62    13.31    14.95    16.61    18.47    20.74    23.65    27.44    32.42    39.12    48.21    60.86    79.13    106.8    149.6    217.5    323.4    481.6    704.5    999.0    1362     1778     2226     2677     3095     3451     3728     3911     3998     3990     3902     3747     3542
0.04722  0.08288  0.1342   0.2037   0.2950   0.4173   0.5873   0.8284   1.168    1.634    2.254    3.055    4.056    5.269    6.686    8.269    9.956    11.68    13.37    15.01    16.68    18.55    20.85    23.78    27.61    32.64    39.40    48.59    61.38    79.88    107.9    151.3    220.0    327.2    487.1    712.0    1009     1374     1792     2242     2694     3113     3469     3746     3928     4013     4005     3915     3759     3553
0.04851  0.08480  0.1369   0.2071   0.2994   0.4230   0.5947   0.8381   1.180    1.650    2.274    3.079    4.085    5.304    6.726    8.314    10.01    11.73    13.43    15.07    16.75    18.64    20.95    23.92    27.78    32.86    39.69    48.97    61.90    80.62    109.0    152.9    222.6    331.0    492.7    719.7    1019     1386     1807     2259     2712     3130     3488     3764     3945     4029     4019     3928     3770     3564
0.04983  0.08674  0.1396   0.2106   0.3039   0.4287   0.6021   0.8478   1.193    1.666    2.294    3.104    4.115    5.339    6.767    8.359    10.06    11.78    13.48    15.14    16.82    18.72    21.06    24.05    27.95    33.08    39.98    49.35    62.42    81.36    110.1    154.6    225.1    334.9    498.3    727.4    1029     1398     1821     2276     2729     3148     3506     3782     3962     4044     4033     3941     3782     3575
0.05116  0.08871  0.1423   0.2141   0.3084   0.4345   0.6096   0.8576   1.206    1.682    2.314    3.129    4.145    5.374    6.807    8.405    10.10    11.84    13.54    15.20    16.89    18.81    21.17    24.19    28.13    33.30    40.27    49.74    62.95    82.12    111.2    156.3    227.7    338.8    503.9    735.2    1039     1411     1836     2292     2747     3166     3525     3800     3979     4060     4047     3954     3794     3585
0.05251  0.09069  0.1450   0.2177   0.3129   0.4402   0.6170   0.8674   1.218    1.698    2.334    3.153    4.174    5.409    6.847    8.449    10.15    11.89    13.60    15.26    16.96    18.89    21.27    24.33    28.30    33.52    40.56    50.13    63.48    82.88    112.3    158.0    230.4    342.7    509.5    742.9    1049     1423     1851     2308     2764     3184     3543     3817     3995     4075     4061     3967     3806     3596
0.05387  0.09267  0.1477   0.2212   0.3174   0.4460   0.6245   0.8772   1.231    1.714    2.354    3.178    4.203    5.443    6.886    8.493    10.20    11.94    13.65    15.32    17.03    18.97    21.38    24.46    28.47    33.75    40.85    50.53    64.02    83.65    113.4    159.7    233.0    346.7    515.2    750.6    1059     1436     1865     2325     2782     3201     3561     3835     4011     4090     4075     3980     3818     3606
0.05524  0.09467  0.1504   0.2247   0.3219   0.4518   0.6320   0.8870   1.243    1.730    2.374    3.202    4.233    5.478    6.926    8.537    10.25    11.99    13.71    15.38    17.10    19.06    21.48    24.60    28.64    33.97    41.15    50.92    64.55    84.41    114.6    161.5    235.6    350.6    520.8    758.2    1069     1448     1880     2341     2799     3220     3579     3852     4027     4105     4089     3992     3829     3617
0.05662  0.09668  0.1531   0.2283   0.3264   0.4575   0.6395   0.8968   1.256    1.746    2.394    3.226    4.262    5.512    6.965    8.581    10.30    12.05    13.76    15.44    17.17    19.14    21.59    24.73    28.81    34.19    41.44    51.30    65.08    85.15    115.7    163.1    238.2    354.5    526.4    765.8    1078     1460     1893     2357     2816     3237     3596     3868     4043     4120     4103     4004     3840     3627
0.05802  0.09871  0.1559   0.2318   0.3309   0.4633   0.6471   0.9066   1.269    1.762    2.414    3.250    4.291    5.546    7.004    8.624    10.35    12.10    13.82    15.50    17.23    19.23    21.69    24.86    28.99    34.41    41.72    51.69    65.61    85.91    116.8    164.8    240.8    358.4    532.0    773.4    1088     1472     1907     2372     2832     3255     3613     3885     4059     4134     4116     4016     3851     3637
0.05944  0.1008   0.1586   0.2354   0.3354   0.4691   0.6547   0.9164   1.281    1.778    2.434    3.274    4.319    5.580    7.042    8.668    10.39    12.15    13.87    15.56    17.30    19.31    21.80    25.00    29.16    34.64    42.01    52.07    66.15    86.67    117.9    166.5    243.4    362.4    537.7    781.1    1098     1484     1921     2387     2848     3272     3630     3901     4074     4149     4130     4029     3863     3647
0.06088  0.1028   0.1614   0.2390   0.3400   0.4750   0.6622   0.9262   1.294    1.793    2.454    3.298    4.348    5.613    7.081    8.711    10.44    12.20    13.93    15.62    17.37    19.40    21.91    25.13    29.33    34.86    42.30    52.46    66.70    87.45    119.0    168.3    246.1    366.4    543.3    788.8    1108     1496     1935     2403     2864     3290     3647     3917     4090     4163     4144     4041     3874     3656
0.06232  0.1049   0.1642   0.2426   0.3445   0.4808   0.6698   0.9360   1.306    1.809    2.473    3.322    4.377    5.647    7.119    8.753    10.49    12.25    13.98    15.68    17.44    19.48    22.01    25.26    29.50    35.08    42.59    52.86    67.25    88.24    120.2    170.0    248.8    370.4    549.0    796.5    1118     1508     1949     2419     2879     3307     3663     3933     4106     4178     4157     4053     3885     3666
0.06377  0.1070   0.1670   0.2462   0.3491   0.4866   0.6774   0.9458   1.319    1.825    2.493    3.346    4.405    5.680    7.157    8.796    10.53    12.30    14.03    15.73    17.51    19.56    22.12    25.40    29.67    35.30    42.88    53.25    67.79    89.02    121.3    171.8    251.4    374.4    554.7    804.3    1128     1520     1964     2434     2895     3324     3680     3949     4121     4192     4170     4065     3896     3676
0.06525  0.1091   0.1698   0.2498   0.3537   0.4925   0.6850   0.9556   1.331    1.841    2.512    3.370    4.433    5.713    7.195    8.837    10.58    12.35    14.09    15.79    17.57    19.65    22.22    25.52    29.84    35.52    43.17    53.64    68.33    89.80    122.5    173.5    254.1    378.3    560.3    811.9    1138     1532     1978     2449     2912     3341     3697     3965     4137     4207     4183     4077     3906     3686
0.06673  0.1112   0.1726   0.2534   0.3582   0.4983   0.6926   0.9653   1.344    1.857    2.532    3.393    4.461    5.746    7.232    8.879    10.62    12.39    14.14    15.85    17.64    19.73    22.32    25.65    30.00    35.73    43.46    54.03    68.86    90.57    123.6    175.3    256.8    382.2    565.9    819.3    1148     1544     1992     2463     2928     3357     3714     3980     4152     4220     4196     4089     3916     3695
0.06823  0.1133   0.1755   0.2570   0.3628   0.5042   0.7002   0.9751   1.356    1.872    2.551    3.416    4.489    5.778    7.269    8.920    10.67    12.44    14.19    15.90    17.71    19.81    22.42    25.77    30.16    35.94    43.74    54.40    69.39    91.33    124.8    177.1    259.5    386.2    571.4    826.8    1157     1556     2006     2478     2945     3373     3730     3995     4166     4234     4208     4100     3927     3704
0.06975  0.1155   0.1783   0.2606   0.3674   0.5101   0.7078   0.9848   1.369    1.888    2.570    3.440    4.517    5.810    7.306    8.961    10.71    12.49    14.24    15.96    17.77    19.89    22.52    25.90    30.33    36.15    44.03    54.78    69.91    92.08    125.9    178.8    262.2    390.1    576.9    834.4    1167     1567     2019     2492     2961     3389     3747     4010     4181     4247     4220     4111     3936     3713
0.07128  0.1176   0.1812   0.2643   0.3720   0.5160   0.7154   0.9946   1.381    1.904    2.590    3.463    4.545    5.842    7.342    9.001    10.76    12.54    14.29    16.01    17.84    19.97    22.63    26.03    30.49    36.36    44.31    55.15    70.43    92.83    127.0    180.5    264.8    394.0    582.3    841.8    1176     1578     2031     2507     2977     3405     3761     4024     4194     4259     4231     4122     3946     3721
0.07281  0.1198   0.1841   0.2679   0.3766   0.5219   0.7229   1.004    1.394    1.919    2.609    3.486    4.572    5.874    7.378    9.041    10.80    12.58    14.34    16.07    17.90    20.04    22.72    26.16    30.65    36.57    44.59    55.52    70.94    93.55    128.1    182.2    267.4    397.8    587.7    848.8    1185     1589     2043     2520     2991     3419     3775     4038     4206     4271     4242     4131     3954     3729
0.07435  0.1220   0.1869   0.2716   0.3812   0.5278   0.7305   1.014    1.406    1.935    2.627    3.509    4.599    5.906    7.414    9.081    10.84    12.63    14.39    16.12    17.97    20.12    22.82    26.28    30.81    36.77    44.86    55.88    71.44    94.29    129.2    183.9    270.0    401.6    593.1    855.8    1194     1600     2054     2534     3005     3433     3788     4052     4218     4282     4252     4140     3962     3736
0.07591  0.1242   0.1898   0.2753   0.3859   0.5337   0.7381   1.024    1.418    1.950    2.647    3.532    4.626    5.937    7.450    9.121    10.89    12.68    14.44    16.18    18.03    20.20    22.92    26.41    30.98    36.99    45.14    56.26    71.95    95.04    130.4    185.6    272.5    405.4    598.4    862.8    1202     1610     2066     2547     3019     3447     3802     4066     4229     4293     4262     4149     3971     3743
0.07749  0.1263   0.1927   0.2789   0.3905   0.5396   0.7458   1.034    1.431    1.966    2.665    3.555    4.653    5.969    7.485    9.161    10.93    12.72    14.49    16.23    18.10    20.29    23.02    26.54    31.15    37.20    45.42    56.64    72.48    95.81    131.5    187.3    275.1    409.2    603.8    869.8    1211     1621     2078     2560     3033     3460     3815     4079     4241     4304     4272     4158     3979     3751
0.07907  0.1286   0.1956   0.2826   0.3952   0.5455   0.7533   1.043    1.443    1.981    2.684    3.577    4.680    6.000    7.521    9.200    10.97    12.77    14.54    16.29    18.16    20.37    23.12    26.67    31.31    37.42    45.70    57.02    72.99    96.57    132.6    189.0    277.7    413.0    609.2    876.8    1220     1632     2090     2573     3046     3472     3827     4091     4252     4315     4281     4167     3987     3758
0.08066  0.1308   0.1985   0.2863   0.3998   0.5515   0.7610   1.053    1.455    1.996    2.703    3.600    4.707    6.031    7.556    9.239    11.01    12.82    14.59    16.34    18.23    20.45    23.22    26.80    31.48    37.63    45.98    57.39    73.50    97.32    133.8    190.8    280.3    416.7    614.4    883.8    1229     1642     2101     2586     3059     3484     3840     4103     4263     4326     4291     4175     3994     3765
0.08227  0.1330   0.2014   0.2900   0.4045   0.5574   0.7686   1.063    1.468    2.012    2.722    3.622    4.733    6.062    7.591    9.277    11.06    12.86    14.63    16.40    18.29    20.53    23.32    26.93    31.64    37.84    46.27    57.77    74.02    98.07    134.9    192.5    282.9    420.5    619.7    890.9    1238     1652     2113     2599     3072     3497     3852     4115     4274     4336     4301     4184     4002     3772
0.08387  0.1352   0.2044   0.2937   0.4091   0.5634   0.7762   1.073    1.480    2.027    2.741    3.645    4.760    6.092    7.625    9.316    11.10    12.90    14.68    16.45    18.36    20.60    23.42    27.06    31.80    38.06    46.55    58.14    74.53    98.81    136.0    194.2    285.5    424.4    625.0    897.9    1247     1662     2125     2612     3084     3510     3864     4127     4285     4346     4311     4193     4010     3778
0.08549  0.1375   0.2073   0.2973   0.4138   0.5693   0.7838   1.082    1.492    2.042    2.759    3.667    4.786    6.123    7.660    9.353    11.14    12.95    14.73    16.51    18.42    20.68    23.52    27.18    31.96    38.26    46.81    58.50    75.05    99.55    137.1    195.9    288.2    428.2    630.3    905.1    1255     1672     2137     2625     3097     3523     3877     4138     4297     4357     4321     4202     4018     3785
0.08713  0.1397   0.2102   0.3010   0.4184   0.5752   0.7914   1.092    1.504    2.057    2.777    3.689    4.812    6.153    7.694    9.390    11.18    12.99    14.78    16.56    18.48    20.76    23.62    27.31    32.12    38.47    47.08    58.86    75.57    100.3    138.2    197.7    290.8    432.0    635.5    912.3    1264     1682     2149     2638     3110     3537     3889     4150     4309     4367     4330     4211     4026     3792
0.08877  0.1420   0.2131   0.3047   0.4231   0.5811   0.7990   1.102    1.517    2.072    2.796    3.711    4.838    6.182    7.727    9.427    11.22    13.03    14.82    16.61    18.54    20.83    23.71    27.43    32.28    38.67    47.36    59.23    76.10    101.1    139.4    199.4    293.4    435.9    640.8    919.5    1273     1693     2161     2650     3123     3550     3902     4163     4320     4378     4340     4220     4034     3800
0.09042  0.1442   0.2160   0.3084   0.4278   0.5870   0.8065   1.111    1.529    2.087    2.814    3.732    4.863    6.212    7.760    9.464    11.26    13.08    14.87    16.66    18.60    20.91    23.81    27.55    32.43    38.88    47.63    59.60    76.63    101.8    140.5    201.1    296.0    439.7    646.0    926.5    1282     1704     2173     2662     3136     3563     3915     4175     4331     4388     4349     4228     4042     3807
0.09206  0.1465   0.2190   0.3121   0.4324   0.5929   0.8140   1.121    1.541    2.102    2.832    3.754    4.888    6.241    7.793    9.500    11.30    13.12    14.91    16.71    18.66    20.98    23.90    27.67    32.59    39.09    47.89    59.97    77.15    102.6    141.6    202.9    298.6    443.4    651.2    933.4    1291     1714     2185     2674     3149     3577     3928     4187     4343     4398     4359     4237     4050     3814
0.09371  0.1487   0.2219   0.3158   0.4370   0.5987   0.8216   1.130    1.553    2.117    2.850    3.775    4.914    6.270    7.826    9.536    11.34    13.16    14.96    16.76    18.72    21.05    23.99    27.79    32.74    39.29    48.16    60.34    77.67    103.3    142.8    204.6    301.2    447.2    656.5    940.3    1299     1724     2196     2686     3162     3590     3940     4199     4354     4408     4368     4246     4058     3821
0.09538  0.1510   0.2248   0.3195   0.4416   0.6046   0.8291   1.140    1.565    2.131    2.867    3.797    4.939    6.299    7.858    9.572    11.38    13.20    15.00    16.81    18.78    21.13    24.09    27.91    32.90    39.50    48.43    60.70    78.20    104.1    143.9    206.3    303.8    451.0    661.8    947.0    1307     1734     2208     2699     3174     3603     3953     4211     4366     4419     4377     4255     4066     3828
0.09704  0.1533   0.2277   0.3232   0.4462   0.6104   0.8366   1.149    1.577    2.146    2.885    3.818    4.964    6.328    7.891    9.608    11.41    13.24    15.05    16.87    18.84    21.21    24.19    28.04    33.06    39.70    48.70    61.08    78.73    104.9    145.1    208.1    306.4    454.7    667.1    953.7    1316     1744     2219     2712     3188     3616     3966     4223     4377     4429     4387     4264     4073     3835
0.09872  0.1555   0.2306   0.3269   0.4509   0.6163   0.8440   1.159    1.588    2.161    2.903    3.839    4.989    6.356    7.923    9.643    11.45    13.28    15.09    16.92    18.91    21.29    24.29    28.17    33.22    39.91    48.97    61.45    79.27    105.6    146.2    209.8    309.0    458.5    672.4    960.5    1324     1754     2230     2725     3202     3629     3979     4235     4389     4440     4397     4273     4081     3842
0.1004   0.1578   0.2336   0.3306   0.4555   0.6222   0.8516   1.168    1.600    2.175    2.920    3.860    5.013    6.385    7.955    9.678    11.49    13.33    15.14    16.97    18.97    21.37    24.39    28.30    33.39    40.13    49.26    61.85    79.82    106.4    147.4    211.6    311.7    462.5    677.8    967.6    1333     1765     2242     2737     3215     3642     3992     4247     4400     4451     4406     4282     4090     3849
0.1021   0.1601   0.2365   0.3343   0.4601   0.6280   0.8591   1.178    1.612    2.190    2.938    3.881    5.038    6.413    7.986    9.713    11.53    13.37    15.18    17.02    19.03    21.44    24.49    28.43    33.56    40.35    49.55    62.25    80.37    107.2    148.6    213.5    314.5    466.4    683.3    974.5    1342     1775     2253     2750     3228     3655     4005     4259     4412     4462     4416     4291     4098     3856
0.1038   0.1624   0.2395   0.3380   0.4648   0.6339   0.8665   1.187    1.624    2.204    2.955    3.902    5.062    6.441    8.018    9.748    11.57    13.41    15.23    17.07    19.09    21.52    24.59    28.56    33.73    40.56    49.84    62.64    80.91    108.0    149.8    215.2    317.2    470.3    688.7    981.3    1351     1785     2265     2762     3240     3668     4017     4271     4423     4472     4426     4299     4106     3864
0.1055   0.1647   0.2424   0.3416   0.4694   0.6398   0.8739   1.197    1.635    2.219    2.973    3.923    5.086    6.468    8.049    9.782    11.60    13.45    15.27    17.12    19.15    21.60    24.69    28.69    33.89    40.77    50.12    63.02    81.45    108.8    151.0    217.0    319.9    474.2    694.0    988.1    1359     1795     2277     2774     3253     3681     4030     4283     4435     4483     4435     4308     4114     3871
0.1072   0.1670   0.2454   0.3453   0.4740   0.6456   0.8814   1.206    1.647    2.233    2.990    3.943    5.110    6.496    8.079    9.816    11.64    13.49    15.31    17.17    19.21    21.67    24.78    28.81    34.05    40.98    50.40    63.39    81.97    109.6    152.1    218.8    322.5    477.9    699.1    995.0    1367     1805     2289     2786     3266     3693     4043     4295     4446     4493     4445     4317     4122     3878
0.1089   0.1693   0.2483   0.3490   0.4785   0.6514   0.8887   1.215    1.658    2.247    3.007    3.963    5.134    6.522    8.109    9.848    11.68    13.52    15.35    17.21    19.27    21.75    24.87    28.93    34.20    41.18    50.68    63.76    82.50    110.3    153.3    220.6    325.2    481.7    704.3    1002     1376     1815     2300     2798     3278     3706     4056     4307     4457     4503     4454     4325     4130     3885
0.1106   0.1715   0.2512   0.3526   0.4831   0.6572   0.8960   1.224    1.670    2.261    3.024    3.983    5.157    6.549    8.139    9.881    11.71    13.56    15.40    17.26    19.33    21.82    24.97    29.05    34.35    41.38    50.94    64.12    83.01    111.1    154.4    222.3    327.8    485.5    709.5    1009     1384     1825     2311     2809     3289     3718     4068     4319     4468     4513     4464     4333     4138     3892
0.1123   0.1738   0.2541   0.3563   0.4876   0.6630   0.9034   1.234    1.681    2.275    3.040    4.003    5.180    6.575    8.169    9.913    11.75    13.60    15.44    17.31    19.38    21.89    25.05    29.16    34.50    41.57    51.20    64.47    83.49    111.8    155.6    224.0    330.4    489.2    714.5    1015     1392     1834     2320     2821     3301     3730     4080     4331     4479     4522     4473     4341     4145     3898
0.1140   0.1761   0.2570   0.3599   0.4922   0.6688   0.9106   1.243    1.693    2.289    3.057    4.022    5.203    6.602    8.198    9.946    11.78    13.64    15.48    17.35    19.44    21.96    25.14    29.27    34.64    41.77    51.47    64.82    83.98    112.5    156.7    225.7    332.9    492.8    719.3    1021     1399     1843     2330     2832     3313     3741     4092     4342     4490     4531     4481     4348     4152     3904
0.1157   0.1784   0.2599   0.3635   0.4967   0.6745   0.9179   1.252    1.704    2.302    3.074    4.042    5.226    6.628    8.227    9.977    11.81    13.67    15.52    17.40    19.49    22.02    25.23    29.38    34.79    41.96    51.73    65.17    84.48    113.3    157.8    227.4    335.4    496.5    724.1    1028     1407     1852     2340     2844     3324     3753     4103     4353     4499     4540     4489     4356     4159     3910
